layers p = 2
optimized gamma: [0.35049075 0.88997782]
optimized beta: [0.59475614 0.23787538]
optimized function: 0.49933414507911034
Success or not: True
Reasons for stopping: CONVERGENCE: NORM_OF_PROJECTED_GRADIENT_<=_PGTOL

1
[0.4910908  0.53393143 0.51029668 0.46862426]
0.48365778595004416
2
[0.38294848 0.56516002 0.47327802 0.33225577]
0.4950850108910971
3
[0.3430751  0.57578172 0.46994657 0.28859937]
0.49732888975987743
4
[0.31187901 0.59504585 0.48748538 0.25123609]
0.4977888369802923
5
[0.31891126 0.60165867 0.49459519 0.25944511]
0.49797157315290475
6
[0.3229023  0.63282044 0.51915616 0.2657176 ]
0.4982779528447438
7
[0.32242854 0.74225647 0.58574423 0.27558348]
0.49892643226033845
8
[0.31725623 0.87277518 0.60378221 0.2964084 ]
0.499004184518973
9
[0.3181263  0.83162294 0.60968193 0.27644421]
0.49920101635336356
10
[0.31946022 0.82166763 0.59879127 0.27166141]
0.49922666081066697
11
[0.3232689  0.83121407 0.59316632 0.26060206]
0.4992624025986906
12
[0.33290283 0.8527934  0.59102659 0.24951988]
0.49930102622515754
13
[0.35260366 0.88909314 0.59387945 0.23677855]
0.499333180349921
14
[0.35028081 0.88853054 0.594879   0.23804529]
0.49933409862744776
15
[0.35035751 0.88937885 0.5946823  0.23801291]
0.49933414175288204
16
[0.35049075 0.88997782 0.59475614 0.23787538]
0.49933414507911034